logistic regression results


f1	kappa	matthews	precision	recall	roc_auc	stock	test_f1_score	test_kappa	test_matthews	test_precision	test_recall	test_roc_auc	train_f1	train_kappa	train_matthews	train_precision	train_recall	train_roc_auc
9064	0.564138	0.084744	0.085573	0.547282	0.585204	0.542407	9064	0.580923	0.089644	0.090439	0.547564	0.618611	0.544719	0.572903	0.069837	0.070440	0.540994	0.609651	0.534826
9061	0.514810	0.096084	0.098933	0.552271	0.495421	0.548301	9061	0.507536	0.062710	0.062929	0.530792	0.486232	0.531336	0.511707	0.090715	0.091511	0.540305	0.488909	0.545188
9265	0.556864	0.104161	0.104973	0.561480	0.556229	0.552151	9265	0.555705	0.117351	0.117366	0.560217	0.551265	0.558677	0.552552	0.109778	0.110015	0.554104	0.552175	0.554834


SVM

91	1	pca_gdf_que3	1	0.112813	9265

20	1000.0	[gdf_16, gdf_33]	0.1	0.113487	9265
5	1.0	[gdf_16, gdf_33]	0.1	0.097668	9061
7	1.0	[gdf_16, gdf_33]	10.0	0.083106	9064

	1	pca_gdf_que_prev3	1	0.113024	9265
107	1	pca_gdf_que_prev	1	0.110907	9265
106	1	pca_gdf_que_prev9	1	0.110907	9265
77	1	gdf_24-26_que	1	0.110528	9265
75	1	que	1	0.110302	9265
37	1	gdf_24-26_que_prev	1	0.096566	9061
66	1	pca_gdf_que_prev6	1	0.093119	9061
56	1	pca_gdf_que5	1	0.093066	9061
73	1	gdf_20_30_que_prev	1	0.091453	9061
54	1	pca_gdf_que3	1	0.091432	9061
16	1	pca_gdf_que2	1	0.078678	9064
3	1	gdf_24-26_que	1	0.077716	9064
17	1	pca_gdf_que3	1	0.077178	9064
22	1	pca_gdf_que8	1	0.076973	9064
4	1	gdf_23-27_que	1	0.076866	9064